Time, CPU, Memory
0, 6.2, 582.121
1, 6.2, 1454.44
3, 6.2, 2413.13
4, 6.2, 3423.93
5, 6.2, 3436.3
6, 6.2, 3470.76
7, 6.2, 3470.7
8, 7, 3470.7
10, 6.6, 3470.7
11, 6.2, 3467.82
12, 6.2, 4426.3
13, 6.2, 4426.22
14, 6.2, 4426.32
15, 6.2, 4426.27
17, 6.2, 4426.33
18, 6.2, 4426.18
19, 6.2, 4426.37
20, 6.2, 4426.27
21, 6.2, 4426.31
22, 6.6, 4426.24
23, 6.2, 4426.38
25, 6.2, 4426.35
26, 6.2, 4426.3
27, 6.2, 4426.23
28, 26, 385.617
29, 24.9, 403.031
30, 24.3, 418.492
32, 23.6, 434.098
33, 25.8, 458
34, 24.8, 478.328
35, 24.8, 494.504
36, 24.6, 513.957
37, 26.1, 529.289
39, 26.8, 554.684
40, 24.7, 572.852
41, 24.2, 588.848
42, 26.2, 604.383
43, 24, 625.656
44, 25.7, 647.297
46, 24.6, 663.586
47, 24.6, 679.742
48, 26.3, 707.652
49, 24.7, 726.977
50, 24.3, 740.297
51, 23.9, 760.617
53, 24.8, 780.34
54, 24.8, 800.746
55, 25, 816.664
56, 24.7, 831.961
57, 24.5, 849.473
58, 24.8, 871.641
60, 25.5, 887.41
61, 24.8, 907.668
62, 24.8, 934.098
63, 26.2, 950.352
64, 24.8, 964.984
65, 24.8, 982.074
66, 23.7, 1001.73
68, 24.8, 1018.61
69, 24.7, 1034.07
70, 24.8, 1049.32
71, 24.8, 1066.65
72, 24, 1087.68
73, 23.5, 1106.53
75, 18.6, 1121.18
76, 18.1, 1132.26
77, 6, 1145.61
78, 6.1, 1149.76
79, 7.4, 1203.64
80, 24.8, 1178.72
82, 26.2, 1178.73
83, 24.9, 1176.62
84, 24.8, 1179.16
85, 24.7, 1179.62
86, 26.2, 1179.78
87, 25, 1179.98
89, 24.8, 1180
90, 24.8, 1180.16
91, 24.8, 1180.28
92, 24.7, 1182.75
93, 24.7, 1182.84
94, 24.8, 1181.75
96, 24.8, 1183.06
97, 24.9, 1182.12
98, 24.9, 1183.44
99, 24.8, 1183.81
100, 24.8, 1183.75
101, 24.8, 1184.3
103, 24.8, 1184.22
104, 26.2, 1184.56
105, 24.7, 1184.77
106, 24.8, 1185.31
107, 26, 1185.62
108, 24.8, 1185.64
110, 24.7, 1185.93
111, 24.8, 1185.81
112, 24.8, 1186
113, 24.7, 1186.31
114, 26.3, 1186.4
115, 24.6, 1186.65
116, 24.2, 1186.04
118, 6.2, 1187.8
119, 6.2, 1187.72
120, 6, 1319.49
121, 25.4, 386.09
122, 23.8, 404.062
123, 24.1, 423.898
125, 23.8, 440.164
126, 24.7, 460.523
127, 24.6, 476.77
128, 26.2, 501.328
129, 24.9, 517.094
130, 24.7, 541.066
132, 24, 562.508
133, 25.3, 581.133
134, 23.9, 596.941
135, 25.3, 614.98
136, 24.8, 640.117
137, 23.9, 661.438
139, 24.9, 677.652
140, 26.2, 693.73
141, 24.3, 721.695
142, 23.7, 736.531
143, 23.8, 761.07
144, 23.7, 782.191
146, 24.8, 802.086
147, 24.6, 822.184
148, 23.7, 843.898
149, 24.2, 855.812
150, 24.4, 873.605
151, 23.7, 893.762
152, 23.9, 915.305
154, 25.9, 938.773
155, 24.6, 955.008
156, 23.8, 969.504
157, 23.6, 986.051
158, 26.6, 1011.71
159, 25.1, 1027.81
161, 24.7, 1044.01
162, 24.2, 1064.96
163, 24.5, 1080.46
164, 24.8, 1109.77
165, 24.7, 1130.26
166, 12.5, 1146.05
168, 7, 1150.2
169, 6.9, 1158.41
170, 26.2, 393.742
171, 25.2, 407.801
172, 24.7, 433.031
173, 26.2, 445.434
175, 24.8, 470.938
176, 24.5, 496.758
177, 24.6, 526.121
178, 24.9, 544.965
179, 26, 568.734
180, 24.8, 598.242
182, 24.8, 616.391
183, 24.8, 640.465
184, 24.7, 664.156
185, 24.8, 679.348
186, 24.6, 708.602
187, 24.8, 736.301
188, 24.8, 751.512
190, 24.8, 777.215
191, 24.7, 797.242
192, 24.8, 820.383
193, 24.8, 837.605
194, 24.8, 854.043
195, 26.1, 872.785
197, 24.8, 896.395
198, 24.7, 917.773
199, 24.8, 939.809
200, 24.8, 962.375
201, 24.9, 982.984
202, 24.5, 1000.16
204, 24.6, 1020.02
205, 24.7, 1039.62
206, 24.6, 1058.68
207, 24.6, 1091.1
208, 26, 1108.49
209, 24.3, 1128.15
211, 18.5, 1138.88
212, 6.2, 1153.95
213, 6.2, 1162.12
214, 18.8, 386.238
215, 24.5, 401.191
216, 24.7, 417.672
218, 24.7, 440.855
219, 24.9, 464.926
220, 24.8, 485.5
221, 25.9, 505.77
222, 24.8, 523.258
223, 24.7, 547.328
225, 24.8, 565.723
226, 24.8, 593.555
227, 24.8, 609.715
228, 24.7, 635.184
229, 24.9, 657.598
230, 24.8, 672.141
231, 26.3, 695.184
233, 24.8, 715.137
234, 24.8, 734.312
235, 26.1, 754.027
236, 26.1, 767.445
237, 24.9, 792.836
238, 24.8, 813.047
240, 24.8, 831.887
241, 24.9, 851.918
242, 24.7, 867.773
243, 26.3, 888.641
244, 24.7, 905.164
245, 24.7, 930.422
247, 24.9, 947.211
248, 24.8, 969.223
249, 24.7, 985.191
250, 24.8, 997.918
251, 24.8, 1019.91
252, 24.8, 1043.89
254, 24.8, 1056.84
255, 24.4, 1076.09
256, 24.5, 1104.41
257, 24.8, 1122.64
258, 18.6, 1140.01
259, 6.2, 1154.48
261, 6.2, 1161.29
262, 9.8, 1404.02
263, 6.2, 1483.26
264, 19.8, 386.488
265, 23.5, 403.906
266, 24.6, 422.039
267, 25.8, 440.211
269, 24.8, 463.281
270, 24.8, 486.547
271, 24.9, 508.973
272, 26.2, 531.422
273, 23.9, 556.77
274, 24.8, 573.262
276, 25.9, 592.195
277, 24.8, 612.848
278, 24.8, 632.863
279, 24, 654.887
280, 24.7, 677.734
281, 25.7, 696.598
283, 23.7, 714.789
284, 23.9, 736.227
285, 23.9, 753.844
286, 24.3, 772.867
287, 23.3, 793.051
288, 26.3, 812.035
290, 24.8, 832.719
291, 23.8, 852.422
292, 24, 872.387
293, 25.5, 898.613
294, 26.2, 913.395
295, 24.4, 936.059
297, 24.5, 959.91
298, 24.4, 978.645
299, 24.8, 997.891
300, 24.9, 1019.65
301, 24.2, 1031.82
302, 23.6, 1054.13
304, 24.3, 1071.81
305, 25.6, 1096.21
306, 24.8, 1116.95
307, 18.6, 1135.24
308, 6.1, 1148.56
309, 6.1, 1156.79
311, 6.2, 1293.31
312, 24.9, 393.273
313, 24.7, 414.715
314, 24.8, 432.746
315, 24.7, 451.66
316, 24.8, 477.992
317, 24.7, 499.984
319, 26.3, 518.84
320, 24.8, 545.305
321, 24.8, 568.402
322, 26.4, 589.664
323, 24.7, 611.656
324, 24.5, 632.008
326, 25, 653.148
327, 24.8, 675.168
328, 24.7, 704.938
329, 24.8, 719.668
330, 24.6, 743.766
331, 24.7, 765.719
333, 24.8, 787.199
334, 24.6, 804.648
335, 24.6, 823.246
336, 24.8, 848.555
337, 24.8, 865.367
338, 24.7, 885.992
340, 24.7, 907.91
341, 26.1, 934.141
342, 24.8, 952.949
343, 24.8, 970.84
344, 24.5, 988.363
345, 26.3, 1008.54
347, 24.8, 1024.76
348, 24.8, 1046.23
349, 24.7, 1067.37
350, 24.8, 1087.27
351, 24.8, 1109.12
352, 24.9, 1125.81
354, 15.6, 1143.04
355, 6.1, 1151.8
356, 7.3, 1159.29
357, 6, 1247.62
358, 24.3, 386.195
359, 24.9, 402.41
360, 25.6, 416.211
362, 24.4, 440.402
363, 25.1, 461.879
364, 25.8, 480.117
365, 24.4, 498.703
366, 24.8, 519.762
367, 23.8, 542.305
369, 24.3, 564.734
370, 23.5, 585.312
371, 26, 605.812
372, 24.6, 623
373, 24.5, 645.855
374, 23.8, 659.672
376, 24.2, 685.051
377, 23.5, 700.949
378, 23.9, 727.246
379, 24.8, 748.324
380, 24.5, 766.102
381, 26.3, 789.148
383, 24.9, 807.531
384, 24.5, 825.156
385, 24.4, 847.789
386, 24.7, 861.785
387, 26.4, 890.41
388, 24.8, 909.652
390, 24.7, 929.914
391, 23.3, 947.539
392, 24.7, 968.938
393, 24.7, 984.832
394, 24, 1007.22
395, 26, 1022.32
397, 24.8, 1039.28
398, 25.1, 1062.89
399, 24.3, 1088.26
400, 25.1, 1103.83
401, 24.8, 1117.91
402, 18.5, 1137.7
403, 12.1, 1147.95
405, 6.1, 1158.44
406, 6.1, 1165.57
407, 24.8, 387.418
408, 24.8, 406.285
409, 24.8, 420.871
410, 26.5, 446.008
412, 24.8, 460.879
413, 24.7, 487.09
414, 24.6, 509.422
415, 24.9, 531.75
416, 24.7, 553.496
417, 24.8, 573.359
419, 24.8, 594.688
420, 24.8, 616.68
421, 24.9, 634.078
422, 24.8, 647.754
423, 24.4, 677.395
424, 26.1, 695.551
426, 24.8, 710.285
427, 24.7, 738.57
428, 24.8, 755.555
429, 24.9, 776.387
430, 24.8, 793.297
431, 25.9, 812.691
433, 24.8, 841.102
434, 24.6, 855.262
435, 24.8, 874.969
436, 24.9, 892.977
437, 24.9, 914.082
438, 26.4, 933.922
439, 24.7, 949.371
441, 24.9, 975.23
442, 24.8, 993.02
443, 25.9, 1011.53
444, 24.7, 1028.46
445, 24.8, 1046.05
446, 24.9, 1067.02
448, 24.7, 1091.37
449, 24.8, 1108.26
450, 26.3, 1128.52
451, 19.9, 1142.79
452, 6.9, 1155.75
453, 6.2, 1162.96
455, 15.7, 386.379
456, 24.7, 397.859
457, 24.9, 422.496
458, 25.6, 442.676
459, 24.8, 467.16
460, 24.8, 491.578
462, 24.8, 514.371
463, 24.5, 539.914
464, 24.7, 561.156
465, 24.8, 580.332
466, 24.8, 600.508
467, 26.3, 619.441
469, 24.8, 645.684
470, 24.8, 666.02
471, 24.8, 686.035
472, 24.8, 705.18
473, 24.6, 725.637
474, 24.9, 752.617
476, 24.8, 772.863
477, 25.9, 790.578
478, 24.8, 814.941
479, 24.8, 832.504
480, 24.6, 855.469
481, 24.8, 876.449
482, 24.9, 896.785
484, 26, 922.488
485, 26.4, 938.535
486, 24.8, 969.098
487, 24.8, 984.961
488, 24.8, 1005.29
489, 26.3, 1020.85
491, 26.3, 1040.29
492, 24.8, 1064.5
493, 24.9, 1082.09
494, 24.8, 1101.99
495, 24.8, 1121.14
496, 12.4, 1140.14
498, 6.2, 1151
499, 6.2, 1179.45
500, 24.8, 392.969
501, 24.5, 411.93
502, 23.9, 436.129
503, 26.1, 460.496
505, 26.3, 484.637
506, 24.8, 504.727
507, 23.7, 526.043
508, 24.8, 552.613
509, 24.7, 572.469
510, 24.9, 591.047
512, 24.7, 616.719
513, 26, 638.344
514, 26.3, 658.562
515, 24.4, 678.457
516, 24.4, 694.41
517, 24.8, 721.164
518, 24.8, 741.133
520, 26.2, 767.957
521, 24.8, 785.082
522, 23.9, 800.805
523, 24.6, 825.035
524, 26.3, 840.531
525, 24.8, 867.254
527, 23.8, 885.754
528, 24.7, 905.906
529, 26.3, 929.391
530, 24.8, 949.809
531, 24.7, 964.633
532, 24.7, 989.102
534, 23.9, 1005.22
535, 24.4, 1022.43
536, 23.9, 1040.97
537, 26.2, 1063.86
538, 24.8, 1089.03
539, 24.8, 1107.93
541, 21.8, 1122.85
542, 11.9, 1141.33
543, 6.2, 1150.95
544, 6.2, 1154.99
545, 12.1, 386.629
546, 24.8, 403.898
548, 26.6, 425.465
549, 25.7, 446.918
550, 24.7, 466.402
551, 24.7, 493.469
552, 24.8, 518.406
553, 24.7, 540.941
555, 24.9, 563.082
556, 26.3, 581.703
557, 24.6, 603.543
558, 24.7, 623.207
559, 24.9, 645.664
560, 24.9, 662.59
561, 26.1, 690.684
563, 24.6, 708.41
564, 26.3, 732.66
565, 25.7, 755.211
566, 24.9, 773.297
567, 24.8, 792.934
568, 24.9, 816.879
570, 24.8, 830.68
571, 24.8, 852.832
572, 24.7, 868.035
573, 24.7, 894.902
574, 24.9, 916.617
575, 24.8, 936.07
577, 24.8, 953.711
578, 24.9, 977.223
579, 24.8, 994.434
580, 26.2, 1017.3
581, 24.8, 1037.68
582, 24.6, 1054.04
584, 24.8, 1074.06
585, 26.3, 1101.61
586, 24.8, 1126.68
587, 24.7, 1140.38
588, 9.5, 1158.41
589, 6.2, 1167.86
591, 8.7, 1407.06
592, 6.2, 1361.86
593, 6.2, 1897
